Samsung extra codes to try
//for the following from here http://www.remotecentral.com/cgi-bin/mboard/rc-discrete/thread.cgi?7922
[Home]
	0000 006D 0000 0044 00AB 00AA 0015 003E 0015 003E 0015 003E 0015 0015 0015 0015 0015 0015 0015 0015 0015 0015 0015 003E 0015 003E 0015 003E 0015 0015 0015 0015 0015 0015 0015 0015 0015 0015 0015 003E 0015 0015 0015 0015 0015 003E 0015 003E 0015 003E 0015 003E 0015 0015 0015 0015 0015 003E 0015 003E 0015 0015 0015 0015 0015 0015 0015 0015 0015 003E 0015 06E8 00AB 00AA 0015 003E 0015 003E 0015 003E 0015 0015 0015 0015 0015 0015 0015 0015 0015 0015 0015 003E 0015 003E 0015 003E 0015 0015 0015 0015 0015 0015 0015 0015 0015 0015 0015 003E 0015 0015 0015 0015 0015 003E 0015 003E 0015 003E 0015 003E 0015 0015 0015 0015 0015 003E 0015 003E 0015 0015 0015 0015 0015 0015 0015 0015 0015 003E 0015 0ED8
	
[MENU]
0000 006D 0000 0022 00AB 00AA 0015 003F 0015 003F 0015 003F 0015 0015 0015 0015 0015 0015 0015 0015 0015 0015 0015 003F 0015 003F 0015 003F 0015 0015 0015 0015 0015 0015 0015 0015 0015 0015 0015 0015 0015 003F 0015 0015 0015 003F 0015 003F 0015 0015 0015 0015 0015 0015 0015 003F 0015 0015 0015 003F 0015 0015 0015 0015 0015 003F 0015 003F 0015 003F 0015 0ED8

[STOP]
0000 006D 0000 0044 00AB 00AA 0015 0040 0015 0040 0015 0040 0015 0014 0015 0014 0015 0014 0015 0014 0015 0014 0015 0040 0015 0040 0015 0040 0015 0014 0015 0014 0015 0014 0015 0014 0015 0014 0015 0014 0015 0040 0015 0040 0015 0014 0015 0014 0015 0014 0015 0040 0015 0014 0015 0040 0015 0014 0015 0014 0015 0040 0015 0040 0015 0040 0015 0014 0015 0040 0015 06EE 00AB 00AA 0015 0040 0015 0040 0015 0040 0015 0014 0015 0014 0015 0014 0015 0014 0015 0014 0015 0040 0015 0040 0015 0040 0015 0014 0015 0014 0015 0014 0015 0014 0015 0014 0015 0014 0015 0040 0015 0040 0015 0014 0015 0014 0015 0014 0015 0040 0015 0014 0015 0040 0015 0014 0015 0014 0015 0040 0015 0040 0015 0040 0015 0014 0015 0040 0015 0ED8

[REWIND]
0000 006D 0000 0044 00AB 00AA 0015 0040 0015 0040 0015 0040 0015 0014 0015 0014 0015 0014 0015 0014 0015 0014 0015 0040 0015 0040 0015 0040 0015 0014 0015 0014 0015 0014 0015 0014 0015 0014 0015 0040 0015 0014 0015 0040 0015 0014 0015 0014 0015 0014 0015 0040 0015 0014 0015 0014 0015 0040 0015 0014 0015 0040 0015 0040 0015 0040 0015 0014 0015 0040 0015 06EE 00AB 00AA 0015 0040 0015 0040 0015 0040 0015 0014 0015 0014 0015 0014 0015 0014 0015 0014 0015 0040 0015 0040 0015 0040 0015 0014 0015 0014 0015 0014 0015 0014 0015 0014 0015 0040 0015 0014 0015 0040 0015 0014 0015 0014 0015 0014 0015 0040 0015 0014 0015 0014 0015 0040 0015 0014 0015 0040 0015 0040 0015 0040 0015 0014 0015 0040 0015 0ED8

[PLAY]
0000 006D 0000 0044 00AB 00A9 0015 003F 0015 003F 0015 003F 0015 0015 0015 0015 0015 0015 0015 0015 0015 0015 0015 003F 0015 003F 0015 003F 0015 0015 0015 0015 0015 0015 0015 0015 0015 0015 0015 003F 0015 003F 0015 003F 0015 0015 0015 0015 0015 0015 0015 003F 0015 0015 0015 0015 0015 0015 0015 0015 0015 003F 0015 003F 0015 003F 0015 0015 0015 003F 0015 06EE 00AB 00A9 0015 003F 0015 003F 0015 003F 0015 0015 0015 0015 0015 0015 0015 0015 0015 0015 0015 003F 0015 003F 0015 003F 0015 0015 0015 0015 0015 0015 0015 0015 0015 0015 0015 003F 0015 003F 0015 003F 0015 0015 0015 0015 0015 0015 0015 003F 0015 0015 0015 0015 0015 0015 0015 0015 0015 003F 0015 003F 0015 003F 0015 0015 0015 003F 0015 0ED8

[PAUSE]
0000 006D 0000 0044 00AB 00AA 0015 003F 0015 003F 0015 003F 0015 0015 0015 0015 0015 0015 0015 0015 0015 0015 0015 003F 0015 003F 0015 003F 0015 0015 0015 0015 0015 0015 0015 0015 0015 0015 0015 0015 0015 003F 0015 0015 0015 003F 0015 0015 0015 0015 0015 003F 0015 0015 0015 003F 0015 0015 0015 003F 0015 0015 0015 003F 0015 003F 0015 0015 0015 003F 0015 06EE 00AB 00AA 0015 003F 0015 003F 0015 003F 0015 0015 0015 0015 0015 0015 0015 0015 0015 0015 0015 003F 0015 003F 0015 003F 0015 0015 0015 0015 0015 0015 0015 0015 0015 0015 0015 0015 0015 003F 0015 0015 0015 003F 0015 0015 0015 0015 0015 003F 0015 0015 0015 003F 0015 0015 0015 003F 0015 0015 0015 003F 0015 003F 0015 0015 0015 003F 0015 0ED8

[FFORWARD]
0000 006D 0000 0044 00AB 00AA 0015 003E 0015 003E 0015 003E 0015 0015 0015 0015 0015 0015 0015 0015 0015 0015 0015 003E 0015 003E 0015 003E 0015 0015 0015 0015 0015 0015 0015 0015 0015 0015 0015 0015 0015 0015 0015 0015 0015 003E 0015 0015 0015 0015 0015 003E 0015 0015 0015 003E 0015 003E 0015 003E 0015 0015 0015 003E 0015 003E 0015 0015 0015 003E 0015 06E8 00AB 00AA 0015 003E 0015 003E 0015 003E 0015 0015 0015 0015 0015 0015 0015 0015 0015 0015 0015 003E 0015 003E 0015 003E 0015 0015 0015 0015 0015 0015 0015 0015 0015 0015 0015 0015 0015 0015 0015 0015 0015 003E 0015 0015 0015 0015 0015 003E 0015 0015 0015 003E 0015 003E 0015 003E 0015 0015 0015 003E 0015 003E 0015 0015 0015 003E 0015 0ED8

//till here 

//for the following from here http://www.remotecentral.com/cgi-bin/mboard/rc-discrete/thread.cgi?7223

NetFlix: 0000 006D 0000 0022 00AC 00AC 0014 0041 0014 0041 0014 0041 0014 0014 0014 0014 0014 0014 0014 0014 0014 0014 0014 0041 0014 0041 0014 0041 0014 0014 0014 0014 0014 0014 0014 0014 0014 0014 0014 0041 0014 0041 0014 0014 0014 0014 0014 0041 0014 0041 0014 0041 0014 0041 0014 0014 0014 0014 0014 0041 0014 0041 0014 0014 0014 0014 0014 0014 0014 0014 0014 06FB

Amazon: 0000 006D 0000 0022 00AC 00AC 0014 0041 0014 0041 0014 0041 0014 0014 0014 0014 0014 0014 0014 0014 0014 0014 0014 0041 0014 0041 0014 0041 0014 0014 0014 0014 0014 0014 0014 0014 0014 0014 0014 0014 0014 0014 0014 0041 0014 0014 0014 0041 0014 0041 0014 0041 0014 0041 0014 0041 0014 0041 0014 0014 0014 0041 0014 0014 0014 0014 0014 0014 0014 0014 0014 06FA

Netflix
0000 006C 0000 0022 00AD 00AD 0016 0041 0016 0041 0016 0041 0016 0016 0016 0016 0016 0016 0016 0016 0016 0016 0016 0041 0016 0041 0016 0041 0016 0016 0016 0016 0016 0016 0016 0016 0016 0016 0016 0041 0016 0041 0016 0016 0016 0016 0016 0041 0016 0041 0016 0041 0016 0041 0016 0016 0016 0016 0016 0041 0016 0041 0016 0016 0016 0016 0016 0016 0016 0016 0016 06FB

Amazon
0000 006C 0000 0022 00AD 00AD 0016 0041 0016 0041 0016 0041 0016 0016 0016 0016 0016 0016 0016 0016 0016 0016 0016 0041 0016 0041 0016 0041 0016 0016 0016 0016 0016 0016 0016 0016 0016 0016 0016 0016 0016 0016 0016 0041 0016 0016 0016 0041 0016 0041 0016 0041 0016 0041 0016 0041 0016 0041 0016 0016 0016 0041 0016 0016 0016 0016 0016 0016 0016 0016 0016 06FB

//till here





